42610055
43651042
41814500
88535073
28649440
82745043
79346078
53344577
74133209
35737918
94839438
23219238
59636175
42705430
48846796
14448970
92861218
22572090
36104947
64787357
37768100
25618820
70160273
83152835
16874686
67540781
64729989
84604799
13952669
67370681
95488721
35275731
16494543
35621383
19079831
28551907
62340100
51495993
60826710
72372083
69720791
12374108
94866230
83972091
18698379
27282967
73664341
30052973
36406969
46751044
30088644
71318134
20792983
15239057
50221327
30419624
83920387
73523633
61446992
28604828
42261759
41938195
97157005
82114579
46176231
40252230
79458610
37214893
68972488
95831555
37167998
76180548
21717985
11680023
85629934
49857508
71893493
53011487
87902162
54619423
41709129
48164633
95953434
73649807
73225692
23306777
22893688
25341940
54544283
13035252
87352697
93491301
73127846
60371508
30024558
58275549
33016373
73002958
13569942
22248992
86026831
15983666
47639742
23418314
57058544
90739188
32787324
79419474
76432470
31995421
31893646
91303111
43074550
58174930
23703922
75677881
57191640
41830305
62343940
85473577
79225186
80532953
66779553
71640328
57089134
97211394
31550414
34693138
78406191
67162303
84093457
25805816
61345131
96602403
85410935
66724331
38186560
49590372
62924571
74364622
74104657
83431843
64593673
80603468
19243427
45248166
45632131
92971780
36036217
44614304
94611945
13820499
80482079
43370558
13462979
69080583
21102504
11838396
95955221
18137572
44016107
22182055
78559526
34193723
46873713
47584315
90818467
89518646
29442990
29026097
71110233
89024852
20165419
63085535
48658922
89342660
80383721
30759960
27799512
38129432
59956558
65453967
37672026
54666987
38759812
24543649
80916875
48052466
95279180
98395257
12091714
49605545
16248103
56378612
56138117
74912978
62885057
35198812
71419856
87632620
71232413
41181821
87664293
99341179
38287329
87485005
83354409
89515521
53231586
34856637
58533788
51616793
48832247
79831732
21492259
53793879
67805670
99802787
44753760
23752434
20479531
90789435
49268270
53517345
23276218
18246416
21637781
39000358
21013317
48261598
75477175
64874361
55659518
34597011
43631081
14525172
23620833
12296607
16595587
78095302
72831065
41623147
83110563
30961194
33032050
34262154
36263414
25165509
46667411
39306702
67035922
85156389
92448716
12385609
83059919
79747434
84367427
61220714
90859222
63933950
16411525
14306510
76890190
70569575
90461795
18847457
91441718
73850977
52219720
92627364
58425973
20679314
56639946
49162319
20731599
45347437
24614466
88057026
21807323
11752359
23695058
81733688
34108984
82570187
40532352
86782326
37782908
89577700
66184117
55436171
98760614
14501640
91587131
13348411
78282779
96355391
16332206
55397202
67415828
68004108
95800250
19299443
55321804
81812648
20060957
57462127
14232009
69114188
96108434
79843807
85354122
76768935
19454565
81158156
33395597
27215428
72364628
85842602
90897731
39377433
61493413
45416494
91945659
78755884
25703319
15288917
89089056
19945284
10949980
18734259
30241243
40033802
41006045
84962947
22332408
34750397
89699701
66171043
67937417
40629912
24495452
37482700
18505605
25978411
67846824
36436702
44765855
23175376
87150704
42233370
48910295
29306483
41525146
25290474
90024438
65326626
90805717
73991539
98785201
13095981
15750608
21101053
15963721
50525864
86499721
36412632
72537571
99507930
29965635
71135252
27492986
69215246
15673149
98349202
39073356
73933402
66243376
33496692
18330143
55491489
41449209
53611934
87858352
92758082
59410525
64002078
47630557
81417262
46356386
82783051
77158398
95343290
83628746
88442870
43388067
91990589
34443800
39410172
96724645
64225212
77246610
47270721
98416599
59685609
86836088
93798410
55123625
52447483
22099943
82909437
81720864
83419086
77226289
94149499
54519633
45095465
38818169
62580035
27089116
30444311
52587804
87308495
30116583
42776723
44020235
20014677
91829209
96564531
49980807
43304956
58781698
71717482
47941889
34412572
86399197
32077100
62950951
10503448
84056857
28236000
28789359
89287726
20754309
30205802
45196863
16592986
50097960
66644653
53417314
78160725
75667462
55872416
19870716
85626028
10099353
93829425
58987264
16942721
97573177
63841026
18837838
57552933
64981671
90355967
49537273
31429703
30259395
81191714
65668619
27080492
28701139
31918857
99619249
59016274
22011638
96552336
20627560
36493425
20727620
58374139
28853251
49002060
22974403
13245453
65497127
49588642
13650201
63315091
17292214
41935367
44899943
67822844
77865936
11944905
95229201
43641108
90030248
71261026
71507535
54483909
38984375
39171929
59180959
62437835
50956382
12006931
19424098
47807382
14678004
58316755
52980009
32966107
73405853
43864592
18500957
67723927
42823260
10248786
84509786
75417920
36030210
24162162
55794802
84695711
47973604
23591562
20512448
93843189
95274980
58415288
46164775
67229596
24926133
22258286
97727167
67906248
88454779
48570797
40786621
99513822
55133749
72673781
92059422
69516392
34328133
39667798
99727315
17603546
98899075
47741883
10756889
50646996
23243151
56624980
79165055
95441739
50931784
45724475
74347016
25783976
47818497
28966668
14379900
56857886
77458246
81495643
50976176
96303099
51945266
43665641
76003029
11440626
34510107
80916797
32131272
97439395
31801528
46179068
55919002
27872916
73049155
69975477
60841625
90774949
66931666
45489481
68178776
87760385
89066088
65946314
88681618
23027514
67792327
30114222
99542275
34522100
60046058
22686465
39222406
95323431
69350934
92915501
73676500
82929712
11364797
51482611
43073711
89288720
22219146
15294014
42678709
56714035
11581538
26035246
42580808
90195518
96020057
38007147
39681238
18881354
37400168
39918598
73406157
73403665
20487725
82051124
41152005
79900592
76667561
19691234
76792975
85206334
29726728
70068446
58880039
59630916
22673523
37827759
51522907
12856694
96855331
80818189
77011695
77743016
55162169
57043185
60772884
46585772
89896040
82149065
47538058
77263957
83690156
13480262
44187388
14958599
77970460
45917397
87615403
28119564
80461465
27740128
87729178
58339812
15931907
71321892
83913304
62032029
53501821
40184853
77828695
42216509
34741349
32416457
74117571
73996749
95246534
26289440
42289859
91461945
81936136
10774909
84904106
58781714
85027005
75660849
38970242
30762137
53981674
99792351
89874171
56932867
96989525
89780499
29771136
46615208
75194741
27164675
23862085
36579313
59449640
45338015
39710474
29817117
47787180
91125827
77236172
33532047
69885134
48922775
92505842
19717490
55959871
87052790
31197204
74287958
83067316
96607128
94626991
56701049
83648386
23526876
46235103
34097183
16080305
76645747
11035234
76982651
66771691
93087359
36288779
12916012
59016888
76380325
26817403
56833443
40046486
94229708
60789818
61562656
44276884
52297799
93989913
40819262
75431204
37506373
67948796
86639357
82616799
61587348
28434882
66538650
41880022
96519242
68476459
94061093
69099416
17759584
17146730
92095118
47446576
46655095
58411236
92609968
12140391
48626642
83643487
20322888
58246692
14032444
46694772
69424491
87821117
98442290
78354434
90745932
88147562
37308960
47172813
76682748
79751618
94241941
79744493
80793815
41359495
79227564
62612961
99839442
55881542
17648400
63764352
87397076
67438516
40370287
25458480
96934939
54742847
57737061
30274317
35745903
68342249
80791535
31059069
56720087
55573990
95523592
96786070
38765829
86713610
95638908
83930730
61177929
23002850
57274314
71843644
60412229
85204720
77221754
61095059
59393059
37363761
64559035
82203548
89497442
59270941
90996847
45317444
69374741
17833571
54931030
89221644
48425298
12630240
66775470
61471552
70049434
10750375
85938423
43715522
62879963
65134916
61765385
72380693
33712437
81221136
31579662
37069120
23780007
14461637
77564215
83199892
94172550
84811286
73426805
29801187
60612546
89418194
31096487
19677205
55855626
20712587
36373619
44557993
16579114
17556329
18096082
90343334
79876672
34064313
82189255
81363002
76138230
20329121
34692000
75820979
28270320
60771362
95123580
17305713
50048588
91425886
83484451
22378124
63442846
33096274
75647530
95435526
23513218
82822093
83799869
71091343
22817290
48649168
65198542
42747855
45277662
37010049
80594523
48487261
34679664
55609087
14886492
22145975
80969043
39563292
17536467
19255587
79738782
41054920
65407558
66017752
41773354
31004764
20784348
54028476
53483199
69736999
25786015
49002900
38076195
90802534
65037197
73967221
57664485
20038739
64379226
15353163
40198600
52154922
22805177
65335039
72764149
18033727
14446852
45424883
23501246
45548183
88957142
81298389
60076374
11988149
32623529
84633414
38046890
21172937
88566210
11356527
18946451
94592356
72695288
12093082
98524830
57860356
39429617
38992050
65939783
86998348
36904600
19085967
93468528
27054141
86622586
69896800
25765870
98326656
87193616
50692695
68038332
26467655
86055154
10432908
25206844
40123273
10851293
72270131
34809925
42878406
32963985
41051100
42658649
84600140
79459853
55533204
46136964
61171523
71577203
32383814
32877029
57269504
92006706
43370743
23457917
58812564
16256152
61151002
91127455
57684054
18358788
39709474
38861560
84795797
74036751
90431250
11437758
38421980
57745061
59865582
10418838
39031770
10336895
65640355
31883144
81155998
46958520
47927252
97031056
30519614
35441556
13184627
47651330
27475253
35169800
99329730
96724009
98694422
71859387
94166878
15814079
98532330
65362168
42194577
78409349
37798057
37084992
59270652
32339006
92766387
42213396
45533025
90013121
17325073
82709614
39435664
69966461
30005634
18238458
79840511
38070152
24764190
54870093
94256554
17074749
66098084
95526794
24279572
11018741
41782461
22108982
66061061
87848509
15173821
65231250
31674233
15589412
26623529
79185242
22583951
62585911
78210215
68017363
84218999
47352813
20464837
91149242
99922447
50920960
35535823
55978419
51662025
44399762
45738391
56524939
14652465
88758133
19741187
28687788
83989345
71228725
15310989
12092857
97865805
26831424
70924795
54051352
86848692
62942379
74691408
78965422
25990199
15991023
14119221
28268425
32491343
57323832
85853176
73988996
89715458
70593173
46237529
43423586
14507750
61094836
97565293
36089326
84985906
17682414
71499749
42112075
89618761
58546568
10305073
62667444
68391006
78490953
37022826
57248492
31016617
25000968
35813883
64562665
34368311
36993332
99564004
70782422
50223904
22588889
77683191
27702248
35223412
10063324
88310290
15258641
87357136
46013685
87342266
95595732
35345846
13370498
91621544
25798296
70395647
53459499
53950313
36274882
75510278
54735683
64217599
31279255
63341808
60895144
84886569
89207781
24135231
20579688
38147829
84312860
96801606
55420726
20280734
31644864
27143849
79754891
71593923
73901135
24559860
59812993
60339156
74040171
70238184
45714764
46029410
73137189
20063545
80078847
64799914
62684595
87014840
96613757
85490009
46438359
34956865
63106311
81789044
12443134
14677763
21466190
63281980
38828024
99717451
23619797
55738495
42892353
86639082
51160722
49925746
83197281
54452814
26144460
11402388
81694083
34254207
37825034
17590156
80786076
75969367
66316976
73941719
61806535
86781525
42977622
72550409
81880540
65484688
53470759
34778063
72585074
61943824
86493326
66829024
29787304
26290236
63818673
56264518
51385166
53091270
86932545
29671123
28633871
92902563
18826172
69327081
54884111
36708211
59848955
41417681
81466509
69815666
55583121
24182177
16547941
60114231
58138769
32324214
23115524
68831709
39830086
86133997
96993127
39446938
50435568
32832212
41995891
99393771
85546274
99896263
74753096
15499475
90059136
36092388
70883531
38982921
82401650
40388427
57713471
58342385
14578039
68065937
90615207
23846380
49032064
61089652
71362368
78724068
36049194
78388084
31736712
36917782
34094384
67321644
69409001
23315375
73608974
32126491
44302395
30162290
24823231
99232728
24236942
77724261
59829989
57807171
32396124
99475261
27860935
89751313
95559931
82468617
95072908
96271045
80586552
60321457
40568602
35647180
72822428
19388314
80757973
10129668
48929361
86997097
24212627
93878046
56738577
67568106
55747793
40218156
80866377
61492242
19174632
61170826
35038850
30879318
81397186
13672276
73087351
86016461
10268021
51200577
46542598
57504384
11307238
36797850
94911361
53045717
95677752
67168914
26572572
85756061
84174038
10337918
93475119
68617049
34683738
84382821
66069686
21535165
20078979
67112141
19107759
26213687
96972822
26598278
92180602
78302884
67381626
89195220
15874777
43304490
22447720
26775153
56069580
70964791
85428647
25430393
57462491
54772361
73786954
85425411
53458267
59231709
48164235
63026352
88289434
14809970
38432144
56345591
14889689
97958195
48576400
47814067
82735317
38139157
70325009
11991621
48045231
70742156
38783863
88841004
28030927
31741810
84780122
97985019
59896028
49505885
82548818
45768634
55111182
70284845
59541044
26588866
64660278
42948255
33218136
52737214
97606191
27947529
39300861
27980619
27902615
54256639
78520104
58100456
24381787
54551284
99508002
86963513
45173412
74254781
14824405
95602779
36568935
93078686
60008353
12120963
44644183
27155946
68368007
29529770
99220183
71500573
79526003
50993370
90075335
52014371
76149738
90637475
34712515
90345223
44239190
44139658
12500964
56166852
49173701
69994735
30755933
73205502
36259167
80055807
77168911
17504575
49883696
59817237
44767116
81344052
19670595
55764924
46604308
47231059
37012733
26470203
19435121
60409355
10270975
25809455
59137292
86922656
90041883
32427794
36692089
77924271
68320318
91200129
95348574
73906583
42349809
81481775
29227343
72578087
96826275
44789101
94765339
90009157
92767427
48923566
81229652
80891256
57153766
83767753
51126081
52985339
91254265
76053401
54378022
23776518
84301688
86451925
32883231
71382811
47207345
32826916
26506088
24606229
19346902
39881116
10822812
29135429
41182865
51449315
30302382
35565151
17034860
14606785
81169876
22728679
90775330
95498127
20687974
90332639
96942025
18163919
97990020
64865020
76166393
18767715
25696241
93940248
81110681
11438700
54162503
87273343
76143679
75086041
71975643
39561952
56395127
28967649
14664035
47219135
23984343
80904639
37725439
60104307
60287474
67693932
60136229
45660966
82657580
13804949
96173809
70248611
56033176
48806102
22840888
15196002
91844793
61935965
11847758
58040869
49995679
61693260
87578862
14581048
15265948
32983412
37246305
80560862
61041204
57337443
95026444
65283006
62158020
76539713
58047184
73502244
24695513
29482245
70751679
63765102
11103837
61896131
38645182
21970145
69680899
94083886
27789674
37584222
61471741
10682773
96609263
75174259
37213025
17477126
49174827
21266760
21351447
31195647
59346377
22084602
59432781
53872464
29123162
69730908
97643376
38507319
81183065
49516753
47361932
71901929
26316093
12347766
14721897
58049065
59506346
70245071
13345326
39318796
71437492
16352383
95487481
96948801
17082888
78711958
37534822
75284419
34205709
61897118
50180654
91923144
82518387
28039306
34481805
57672101
49297698
43897870
32755681
61936713
46849673
76930149
77951743
22012895
45740890
21501174
96955908
93738097
77879191
35715647
56295124
15656205
97508415
97261198
85310575
23489794
29456370
55535682
31422741
83077793
85977421
42299585
16418866
14555263
11940421
76848866
97496374
71704733
57775251
58886228
20556533
40205926
51838168
21601739
80112891
89706515
40956269
86094296
85434379
85574223
21707955
96039770
59715889
67464717
89992760
48944476
72277858
90245877
63579080
54214661
48464071
28186834
49047222
71298153
22651304
98545738
95847065
99661971
78397485
29883051
76721943
62655208
54509760
73566360
25997627
41009324
42009679
26973504
16679701
22271692
25201493
36748017
80293146
34366549
83785722
75550474
30146123
88168028
60420804
80410743
85276348
98843851
73366906
96835961
60518009
98037861
75541827
75039788
16659338
28857655
45347330
94044407
87225859
86546917
96722955
97529760
53971244
47799846
42771754
55758965
74422457
29971291
93496515
80560894
50103641
25612555
22568153
82046006
59425349
18647227
98873321
86334295
46076245
36602889
21778856
41674182
40035307
30955959
56029977
59524259
23193531
81483979
93508736
82965251
79150904
95284149
50016224
35891965
83502664
70701728
16725716
64225820
12848977
24458713
24895350
11474348
51891684
61375259
24795314
76792526
12724366
28446792
90108004
21176566
93249844
78728668
96461245
98987497
63804187
44303931
80502960
26408492
19255382
49418423
74475125
71544316
18767005
16086800
94872887
33347219
47692290
40687233
60010678
53602667
66702735
91915084
29975464
55684121
52366714
21661394
73187987
18152332
70104436
22112515
72280450
50411343
30577738
26430871
73521045
88237989
17571606
89574237
92789684
10730191
29430446
11530598
87446946
47684061
80133432
14762817
79657110
54065391
65074289
66235579
30959244
65711447
39513325
82997094
35131206
23102976
47700052
75329136
63009980
51043239
84300092
13714018
59289580
48870247
23487018
76357835
37089404
89677755
85390342
52874481
13328436
85855855
77400670
15223286
49359378
80271517
92298867
57469353
65537262
71233826
76753138
87781941
55622234
52835406
17870628
96823480
66038519
51301310
76040874
11654867
57542303
80215006
58320591
41624035
37433542
42791764
99376256
14928415
24020911
13700829
17358906
23356853
30658677
37471555
83603556
47368970
54667492
88344195
78879182
75907919
73614756
98200551
91377214
50487025
37192756
53508136
15528268
53057776
65527487
89897710
11792546
11906903
98659432
49938545
21100246
87071987
37292403
79521903
25408357
44163547
36651882
13801070
49672330
60538405
37712802
49247307
94143641
74895762
70663253
88358234
73373881
23696246
75909928
16420046
81340601
49419446
45214364
64721072
16125671
42372305
15454562
50055407
86344498
16634427
74642058
50484953
72029829
39431497
98698723
20690556
68325359
16908221
12752567
61382987
45546304
84970427
48843819
72815301
91863144
33390225
26244925
43006988
13227494
99179314
94189437
26419169
60921077
16317325
48583400
58602459
37956363
64395446
57199288
96053698
18789490
46957799
12245736
30222769
22808598
13215041
53601150
34441095
34931265
55340151
75217474
57664157
26457620
81559822
86936466
34358816
64918711
67844382
21639845
14644899
55750203
32941617
23258393
48096222
73389193
10612015
54918967
47701895
62498777
20275585
16429522
94412193
38012498
11850053
40624641
21142341
47255839
95327166
75726986
55650638
22409303
56223595
29329892
70446098
20944228
74244102
90580280
22120226
37545630
99377177
63038186
79370644
50000519
73894244
67460719
97766031
32193845
78718823
32612557
81736383
23113228
23351834
20758733
22084578
77356764
64792042
30891008
38536591
94429965
27790945
41015249
30817359
29738758
46909729
57286810
21643725
65558036
25625888
41167704
57915178
24682283
84843597
11406013
70113506
80235642
94996010
81940443
67707381
62464280
32200455
53028632
15682630
26628731
18768637
77435987
21302774
37920172
77623085
14754094
68982813
71342024
29170150
41657498
45216170
80971070
19063961
92550428
13607338
43873964
19108812
68643093
17877955
40562093
43830536
40349828
60554365
63869694
38007566
69876366
40772727
72376412
69316674
45943838
90535369
19946330
87960560
45936456
49421573
59360643
35648321
29828132
56256445
95885115
41003673
87922876
14196568
48638392
91903967
12546996
11987898
24666987
53484455
86869867
20381277
43115064
63324226
77461095
81175725
97843987
26707208
11440684
98883297
10246814
64683120
18719134
17906599
36362345
47431940
31097406
30604105
10394186
19683641
87007654
54145945
94142535
42161303
68391249
53115213
22434015
55630092
58577323
16888832
17440499
99614150
42180230
71780078
30481047
12125729
84505734
15926212
98639309
84348456
33853054
44242886
31000225
25809559
79956131
58678275
33386657
55216047
91000306
77406151
29343219
21517156
50230047
72240709
71845710
31224851
90531370
55996322
85177723
39118410
53575514
11702589
95385122
52118100
95887487
94863892
77760321
88648979
75494398
93200870
75456907
98197303
44493019
71769002
17285788
64578182
97774708
44482642
22657212
58118584
43295370
48405072
61079666
56801597
83007936
21607637
72732205
80609294
43443619
82989845
20806037
91325289
18978318
70194503
59638862
88731951
45657736
23675786
15121512
27718374
57881957
65367894
49778025
28721797
49008349
75762814
56552189
30613009
71126941
53660313
22349561
34705499
73147792
67293009
59489729
54730592
93031888
60550079
45236420
48130699
17984672
17541023
75850937
48856086
25843369
10398777
57806626
39373226
73843232
60322630
83951889
72910989
31276577
98358482
43616498
64448875
17124294
70921836
47870528
97090825
18600137
23640905
72366407
31996351
50397978
19024294
86832549
80221127
59756648
37709172
64477012
52974327
20100813
94309013
18120022
94557471
67951531
45279618
49006243
58427007
32790784
77522853
78930631
56465480
65268965
94129959
60005902
41651006
92035649
34388967
13102303
41055998
93546773
35028468
76098960
52210568
80780239
45786427
86724030
23452733
21340543
50268449
54251966
34843480
59575105
20993858
64380911
74449449
85286330
40849464
94856875
96449032
79910871
15480804
77063628
24183685
14352643
21014255
32964916
44982145
87453442
72402170
26617528
34357871
20735254
96279553
56347221
10976267
66093847
57627032
85130439
72883891
74153555
79093553
78049271
77044570
73742352
11830019
20360408
94143808
65657875
22092124
22800040
58434692
69244517
16135067
34631285
83092809
49831717
39701326
26654826
88766255
83048780
89007024
90869220
10129462
90179871
91605800
32724650
90758959
46920912
43799677
41111017
66066194
37992376
10660492
34485990
37478957
29024555
10349181
37678936
46906908
87329566
50867796
44801118
83155268
58574266
90850678
53917556
81057895
62560843
36599794
31363503
66848478
42684012
93716502
47086203
33099764
69430111
53203614
52453200
65397057
97601072
64614313
57053432
94350982
45073693
53818237
12950572
88615196
90848719
81332866
66099518
71187001
50116159
17658303
87340852
41275488
86623442
62695212
16674108
82474826
11733197
45355610
79373792
80425596
18614424
56264504
17332201
90429984
46632056
87155407
96786382
33493488
14247988
45378218
56390196
87686200
45688738
23847372
86539618
80003933
37952019
22036687
17205233
37368378
67356087
18919839
25853247
84003216
81536030
87508302
14631922
36159908
39087343
39022657
29167095
27791934
10463408
53049963
67511388
71492180
73038574
45056140
90323166
50355935
63623851
16393529
31619730
68567569
70441941
45493822
83905234
72826223
82608427
25008718
28641117
11180732
17034525
97388100
28854585
35927608
38127392
42120225
43907698
56354289
81106203
39385641
59250826
23934047
91256431
28973699
65413520
77058343
93343730
70967160
22465595
32709694
88249872
96371272
90420668
49367860
23794430
16910887
10860589
70563188
87130217
87894042
25156809
62534721
59829788
54664876
42754322
27293595
91251345
59811493
97847465
55875178
96553834
23746912
79780292
39042983
35134831
10009394
50107815
76301269
18642230
55392901
76123871
85258242
70785756
86328661
73955933
91866630
26015299
72683311
26636051
42337784
27045570
43973482
17421035
87605218
45348294
75356430
66049276
36020190
55503004
96181211
92816742
41988533
14653692
87443185
19301457
83964956
67574457
44267519
19779442
10882151
66071382
15821580
66682829
36246688
49256185
54899057
46718703
71317104
81400227
50861393
44521037
46264337
78880910
75715111
65068298
34684727
70039708
32791913
21948006
60811940
89639574
15540521
12200356
28745040
91878085
32403085
46791116
54311802
27689127
20492446
49014566
94211896
73153173
83647229
74534497
28624779
95645111
99904749
78066327
93221564
51968594
34027205
11401853
58581813
56774935
61625063
32338598
64251849
63072511
46404112
76891335
70295096
48201349
36595117
84157579
64824678
62430169
24498110
85659415
31755326
99005277
22400914
86378582
41100750
64442383
38508439
53446205
18216652
88986432
25628385
85060065
56313056
98492386
45780159
76299822
57131561
79479432
42417785
37895009
14365252
58415302
10325793
49705534
19578305
76626621
84330179
12263354
60835923
20374305
55371649
69281965
28271794
43618135
22353077
56570181
82839586
69091373
35188485
60781292
75444478
31852932
90301288
16649106
40653235
62713962
25053284
89431550
19942836
18614293
27576461
40528957
65538945
17755069
84677914
73678147
63034902
14115544
28333004
96506815
69772329
58797610
79989300
47230895
20539462
84526943
59057126
82398165
39283905
71939448
71979116
66309077
96944164
42820330
17755634
96573127
62167737
53587936
66236901
51408968
96441305
66879613
24272774
42399050
95503776
77538937
64221130
12813678
77546745
90997721
79707625
59956856
64624180
63026097
46255557
33134882
17466510
98431606
98521234
62887167
99578000
38465396
89522087
26978535
97369104
29117838
34020883
87756175
25153094
53585809
65957379
62741855
15500555
15655840
84934627
46587875
55537339
44542371
18680737
49907533
83321668
94260783
84173354
21912114
31078311
74329098
49348075
14034379
11062411
57599222
48225141
34370832
87993419
30582491
10923429
89535038
73539049
20203030
97892044
67484686
33131214
26009131
40564553
42319585
18941167
93587561
13399454
64693940
54111417
53994165
83146450
83706774
39453800
73170677
52850389
52239032
77070619
77539325
41686249
30189341
88451109
66204227
28906289
75326384
44011010
18245375
73243295
28618517
44060816
57387112
16123327
14922086
13862574
65401288
63935919
28443319
87561118
18800399
91521048
65980623
85356371
99678604
18626099
13176895
16516113
90109299
34324179
46955876
65320749
91785044
90525722
32825109
20668083
79121075
11762485
77997533
64263799
72656340
39288836
72656038
81911761
89726766
78938558
45913765
96159167
81538007
93242019
54926559
68234601
66510070
66776435
94719419
65837903
30656131
88067776
35463449
83648807
29691672
66675486
20761411
15269795
77792062
68703440
21544553
18893798
25822541
50248066
18138296
80565682
72088736
35946384
61179481
54455348
95596630
11600882
54239315
49530568
73373605
28597880
41414591
81936268
86753441
12470461
85969017
17952644
43136400
22655848
89199232
52876683
72730541
62727431
13077062
92610415
46771671
63844246
39065778
30267422
30007127
53042235
16607818
56983779
22765174
99226469
53560763
90517558
74437609
84932209
51406115
70815226
29060071
50149210
97825548
85339097
75453375
74467140
22187664
20385514
27442904
24449433
66915674
14994936
42639306
54324218
15798820
49644792
68469006
50629313
77942351
17168346
14221427
20392844
62617464
96609021
18431337
38511538
16527065
49259481
58944073
82711800
21460163
22426432
56838647
90098779
24711223
51181250
81376215
34546069
61738024
14886234
41142082
42333427
95768254
30526722
11173234
47969889
87443974
78939263
51359987
84275853
67552340
30775444
48342711
59494107
28606521
12052556
51803724
48341184
37063036
77467566
11945475
32993878
37013487
92402021
44653302
62701756
45999538
16808147
69614625
61589520
86299084
26111959
85993315
44175842
74330149
63695233
91229618
73470249
80132229
42358310
94447367
36588827
65727017
26116685
66751732
76073332
33825614
75112235
79443499
43806604
71229300
77139819
18158097
30693804
14144501
31584081
13544307
96285337
31978105
85574814
61446572
59648192
15707349
67627267
10271510
41392687
74972727
18689829
71428769
54712564
87153294
75228208
67902585
19976034
63492080
24770648
53036924
76959146
86009263
22959835
87989113
90559294
71460326
49662063
64764896
86195036
68399699
43970244
85350910
36163432
56197610
40130047
22920793
26262369
24310781
78391246
80682348
65517539
92089039
62052603
18759197
40117908
89572561
84634076
69413068
50832775
69002233
31839302
41685116
85807253
98461631
57920143
37487597
90130359
23279966
43871658
91612452
76939244
73561411
96070928
69878154
56101512
55420897
33440837
47752751
73669587
99064688
66867639
79424231
94388942
40990698
12726998
89041433
15189549
22182278
73877279
67649105
12264991
97910423
42876424
69581555
62197902
59861555
93349035
69925384
86366287
73266087
25493816
61263531
82384011
28890798
42495413
17344796
22838074
60231579
55434369
91797651
66830189
59365708
12532694
27093517
50370563
78512248
95912008
32916479
38235913
67395470
99162431
78488549
32908478
63469207
21064322
96090136
17286374
46710138
56982877
66245593
77797930
60019752
99507153
51731760
27957098
84967350
24214519
93551055
80389377
91678489
45714559
94016971
13389778
51453836
69445017
75291681
45016213
40934188
53697173
68877926
27211137
51240360
76278062
93578881
28597416
46872048
41467461
65430120
40784394
45469993
25184647
65715943
35544881
44804085
26572401
46640795
21826367
25962730
25267254
82212146
77423880
78912558
36199499
91906526
66667052
53377935
26639216
74837468
23218456
91541731
73165880
41218236
62231421
87228862
42473731
94632840
30055055
31486689
61876890
86664247
95703503
94261025
19963235
27343943
36599201
15039409
18498216
14544111
27148560
29795471
66288066
99821441
37226067
69653190
89662789
56732000
55075464
37351184
68231621
29071475
74759721
97094446
64573132
37598754
54344758
13090956
59072114
73731782
24542918
25579954
71098897
68297635
51469592
89610301
92634510
33720187
42990433
27839500
80101723
74703479
47895829
47604177
18854929
14526517
15865293
39871240
25526526
54717603
25952579
12393624
22251224
60962400
65829804
83176322
64302891
22676647
51751356
29042544
27158909
42715443
73640943
57606566
41966012
38222246
34694877
67015819
22418755
90488249
19744202
97895112
90797695
68824581
53204793
49737493
46992858
60763127
95715657
67738598
50839470
33199023
76683954
32452300
16744996
45677027
23976348
88777225
69960223
10565472
65432218
81393396
42355215
10200633
82565712
24845175
25971335
68134984
71039500
40568110
81390995
95735619
26553025
79135637
99461207
95777976
74530519
58753433
23687646
76921173
79265286
51354091
82811924
50320006
51850286
84875099
27178388
18572849
15286348
12601856
74445304
67866602
95458731
44606223
71913406
99938710
78925888
47609549
24437196
57457734
30935178
29380448
98100308
45761401
24430813
62801429
40328428
74894115
55722191
48133551
17685736
75129818
47988853
27366071
16521374
63033148
76438877
29116691
21851009
43088175
29606523
41296533
78097572
15378627
81194867
46821317
25062467
20605885
29223598
44006009
65341737
19243583
58853340
82622925
59112908
99102227
71221286
56378202
71827372
41320722
13192760
66065312
18573622
62149520
87815940
47681103
50216958
38804429
62417146
22653540
93028742
67386521
99127895
46710389
13464216
17270724
28341003
78248666
44469907
33026416
52437962
20405080
14230112
89869707
57309877
70683216
63230373
64263924
51798654
76470627
92295993
21454036
50800148
75606158
42931219
16435954
41812453
30645947
19867599
90427549
60052957
46491889
19956833
32432645
88622868
75763390
91168039
42035838
61560704
73366728
16953229
70568888
52023184
37975042
57016622
26662153
57028805
55958495
97870643
30367148
70271022
47547970
33085678
34180408
80487845
24097278
83912535
97442092
74851427
88212715
60971791
51809615
91696227
24372779
79394572
58075433
45720951
51241888
97774489
74303104
83096086
93963002
27414922
24273212
19485022
24214319
85658673
33023510
67739587
21325392
40900978
48257163
49609797
23865395
12301549
16469634
27712052
61217104
28140973
64175022
11135698
39056450
76441438
73373072
46867856
86622997
92243276
40678327
14607264
57901877
28408321
27801706
57390310
73344281
73952185
20071679
18767726
60300438
33534415
28877931
32728009
65379577
74998132
78144795
25064918
25761090
52918040
88090611
61056713
44591790
37560092
29834277
23860797
28928559
71488313
75764659
96514660
56081873
47531043
71469552
92231289
73367065
92551124
37621994
78060629
22838160
15224576
13413856
94301243
76682202
60266681
90431141
45297845
37578989
97674519
79135997
78435390
59740373
99110382
48320118
74189937
61109657
19461233
76924219
63661692
73738960
76865188
34127831
51759752
92427049
41240517
67219799
54004526
74517008
38291663
42767847
26861374
81075639
59297767
95509416
70223205
87305666
45603402
81747382
41868412
75055475
89522924
87932978
74241910
58724374
80981847
53860100
13207389
12595790
70197888
53686787
40188935
52170872
24333356
89738819
98945377
89238791
54544919
60444145
34422558
61684493
74415429
97346163
18729389
62940154
24227070
62168192
93943740
55210342
19908959
98340840
54053139
90415239
87981030
59482267
83229221
47707968
70760379
57847581
15487220
85269937
36874315
19785144
72668894
60571185
47790187
36365669
28844171
66655317
64237058
55489871
92339534
10102267
87576847
44827584
78781355
64025854
78764651
70097717
35596055
65299768
31332432
81206205
37918858
11946448
70631214
92924198
24829873
59846813
63820611
33545670
40499260
20652612
87771676
13750226
50931470
77270440
55277883
15115852
29199832
93192511
86876332
18408238
56853538
81471046
69326153
78817257
60355989
28648501
43527978
60187350
25369650
90214453
47345406
20642392
56984505
87609118
65146965
64635520
19809177
42443634
30674413
78898949
60848373
61886475
32064668
87370645
94741822
74113600
89283702
27408385
16418276
53663925
61398934
27496625
50055296
61451609
87762814
16241401
81789155
92573673
22705543
26697537
30278689
91508758
72655155
40555099
42794711
49160255
62710226
20901973
43904206
95730685
42270246
31955883
91759212
32725750
21756504
82369541
67286156
12035582
69684834
63440178
76217993
56362972
43888358
14520192
28934971
82013357
96838218
25061182
62853467
94614715
30087058
83338685
10498171
79917337
92970163
60014661
90857755
21409291
43008188
92052866
73990439
90867515
13127830
29573157
65819947
41818562
74753250
87580305
87874665
25204072
14765629
20114228
23377432
85847144
30366523
99082121
50595077
29131347
40637364
81219601
46895608
40616365
96575974
23582311
25766625
27288301
73848233
73001362
18333622
68615621
83243601
99489440
86892673
78133605
98447721
96742103
39725262
95742454
22046705
89078979
26232668
16424392
84533139
83309776
62146077
41900548
88845993
46788681
71553115
81506904
67758629
67912749
41156357
85458253
55419026
91574382
25629831
15114233
96274373
86464894
99253106
28882699
55403456
80440767
65159582
45105962
69663859
97109561
59316976
99206964
34013106
92377436
37209810
17086486
46162775
23744059
35281470
93907869
87343884
40445044
47038307
80827113
36309318
16830600
89063343
54505423
98674841
39260356
99991405
69336292
88114630
75236565
55442442
36071353
11379447
99492314
35033636
63921480
23200060
30015563
72697364
62297792
15611688
80292613
68260916
60316389
61251126
98962801
19742098
87874926
57786111
33283608
31846036
34448607
22512858
56828776
50352726
98219207
37581895
96219184
61086400
12785944
89749179
73603528
97705309
97805419
72872410
81269603
83259669
51944253
68408605
73013702
14753319
46094417
49247607
48279743
80636226
32026099
29804236
21730306
74265763
20016344
18497504
55722982
93931837
53147826
61653058
89080340
41032568
69514169
53760750
99117864
77666883
89407305
98616898
47809880
21000445
99925254
97351832
85704421
69560783
73691381
19671459
19374801
97326488
42979281
12865364
90356939
63999196
90253542
80937297
68492904
43169461
24327104
56009013
78406097
81791001
96176362
88546073
78011650
35949565
75769188
81643975
25354856
37576778
66235564
92553559
62881153
13821613
26269659
39415012
31954303
81854355
80083812
73170371
28162267
96493093
51010461
76453224
29785813
44803007
30867846
82787394
97234436
82815342
13058862
26846014
34370980
34392629
18017358
50528623
93749016
28880155
31216103
62816471
25449166
35331768
25528998
71639379
49790480
72751725
55702749
79666603
47720464
60794477
42987693
17146627
66839869
43090367
18787357
98956977
53200589
74197880
55518111
10506036
68800032
34304478
60429471
34200945
23902936
96020458
58598725
68563410
30038715
46703562
15191474
83132053
11908947
84866437
17427924
89076022
38181323
66185275
72518201
11420074
54180675
15956081
88258879
65123243
53419994
12553028
85111903
75667490
98596642
74665752
52217157
38428151
25542106
87790162
48581684
11884197
91073771
49081887
72866668
85906697
26129709
82555795
35702508
55298795
27318969
39497781
92840031
74762478
68906622
54598702
83330461
62920812
47695389
94894931
58331860
75874942
67602394
78093579
63376641
60450249
35907482
79192986
35935884
91404759
17815757
90350584
19077424
33712103
12212111
25543935
76918653
63715992
14312181
61801481
28462891
90781464
30968417
94356613
61936107
44616286
36329213
23842147
68919053
28914346
68456981
47518412
71901510
70678017
62610964
45708676
28295352
17207485
29018247
86050940
33677261
61592632
75380092
73594098
98874739
67122956
71287018
10278569
59779990
10852409
60777705
43710377
63592521
28035649
86133012
97257431
46805926
65248915
74029154
25690687
87007281
93339336
36882059
60091406
68104571
70146039
82040308
18296388
26699056
66987476
49412631
75220224
86689013
93742330
64858172
12957386
69259205
25380827
24629646
87115978
58757142
23522082
33576351
44178777
20098979
61888732
29998766
10924208
45285441
82334178
36447347
84340043
67253753
66632650
74163042
57410089
12513582
68430730
14772830
87960136
78906116
11081810
10300410
28871504
32491817
55145058
13408354
76696210
16903522
96913317
67628150
29841127
72626873
81895556
46192645
92712464
39312876
49387574
84093102
54176576
79901221
12036985
27885333
97930505
72198200
95912259
85021198
43714676
42722612
25041596
71653109
80880438
12990757
58532940
65204794
41294035
83291096
75471819
82607857
31213532
73939991
72750120
13328945
15731218
48983962
49634346
11744845
38793343
37555216
35009389
41595411
37763238
34532747
75299550
65514778
87144143
20803197
12655616
53027022
10318822
31767051
78428719
45030728
97775498
47946096
28505032
79775967
80597205
99216756
67226812
80444486
71794050
62695908
77225527
77252988
53980922
50657804
71503944
68719236
37363590
81096987
49524575
77698631
63156435
63204993
88870151
10903341
93283823
21561099
48954627
84888762
40348392
94261483
66301080
61214790
49801730
60612301
77518651
28054983
53302691
46380928
32866473
11164204
39150326
34146045
27436158
71277786
38926194
65268591
95505241
83532922
51898341
85858766
82284967
65344552
29410844
31010657
62534607
89772489
16981214
95757451
89462406
55115072
22709872
49480948
48395324
16356092
78882803
83796423
73670618
89488274
63468543
19431111
74869265
64778968
70081393
93443610
13043950
17433043
33464579
82290057
18041508
97123809
18754689
40657424
78202532
69325764
19117265
41319315
54593162
52590341
50561651
64556554
53965996
47738247
27658369
90022463
54517390
16300044
85789846
16814967
40875171
32329928
47296805
63087264
56352574
32521120
70376292
20273939
37087717
38033336
77019195
41438926
47837577
11692858
27039335
41882424
18700779
54248541
78100430
57647384
51117191
95804274
56836472
99372183
43506849
90047398
98573915
41408406
90901096
19924432
21052492
37541782
22433859
63105844
57281714
61476857
97807637
14707402
61599128
95308869
32805820
72319087
26541537
40061597
44522745
90638821
52722650
18066968
29707726
95620757
10074785
74634518
72203380
16873388
64103959
45796283
87243821
23804052
96876673
35893799
95200611
86191070
17835088
20682238
91433386
99392133
11624333
44896824
81739824
78272121
80678911
45629004
75655508
71051348
54856862
34831599
67677421
35285034
45095150
97891674
21630313
29508336
67609847
78714563
12896914
85146402
72257159
64117512
53171908
68556261
50687392
37773141
85138096
35705355
70771453
68662349
40355126
43483382
91699356
82374185
20299560
78894885
34847711
38125951
82532845
43784828
14811717
87189680
85646068
21657658
13661784
97638271
18050527
86171244
55242731
42174357
44429507
10686676
92752493
36238626
27627214
69543593
70784368
15179285
71524558
71002218
98484753
50915636
63065900
11141286
91220320
55274650
57701882
51537006
51461807
35879045
22336037
58081727
32387199
44604026
43677978
51691127
73686635
93283156
82030734
61569994
81719093
87361461
51666631
64130700
18304931
70525066
73465078
96730232
79278239
76267569
35392311
31862243
76228605
80938216
52531141
61815314
77157986
88563649
65721821
89933133
74972465
44090490
90406848
36641031
92324033
51508152
40405359
25113099
82008903
34917129
56404630
72363144
71502861
24706925
90501688
33310536
35830311
40117104
42114415
66795771
59250239
89735871
34045873
92653493
15142557
25747481
69826688
46795368
65575718
53280700
39894713
29237305
28089221
72125984
30256170
84416194
36704662
40497501
17258898
81258870
94260077
67747979
50851517
58538099
72694082
62693420
72801073
97406641
77877480
79597407
13614361
94275911
98503056
97064352
75951230
14531532
31085387
51461687
53165169
60704450
89408503
98919299
67748301
78823576
26541201
90366640
35349927
43021677
12897750
52636028
34142485
65460762
63233154
22629899
12678047
91884300
22219324
92416376
28183338
57393442
27381013
93128344
85985771
89936444
84227835
78047734
51675926
51550137
93726172
25924255
39972611
53144381
88043669
81951263
90718883
55198914
51088475
91942936
87746169
68695730
55953292
68662980
93926688
56012125
69905610
98645985
57043509
94767323
50510585
69083099
48827203
37243596
31531737
40233401
36757947
37868945
52440161
16615487
13959621
29410731
42163379
12917837
93987468
41320618
98221911
90791558
15592646
43099221
30219328
85855211
13853350
51751163
58531237
48376231
90558746
98894002
14585815
76991937
66460323
97883990
75063441
39258158
44942485
59689522
98284182
47017923
73164558
91456038
79780177
96804126
79278087
87700945
94935531
38298708
58687901
34999662
17256026
52547165
90100784
86302463
49861558
42721072
39732546
51677873
26139366
81879389
27828095
54916369
66995035
73308479
56614134
27609404
18844751
58104913
49629817
40506492
80567683
12922444
26271159
56321137
52427370
16428362
65532250
68076531
52188690
36373051
68254265
64725779
54812551
37273482
83035411
15772993
45457529
81608767
82266008
34394642
82146591
15406788
69294142
22129827
78538694
11161294
82677548
79634880
78393056
33256920
74962039
86469610
57338527
77876789
40162500
81562779
88240325
65700818
65997766
40974951
18507973
76048670
45153745
65491140
49699198
66971531
11449464
56922165
28760803
15292682
77346730
64834309
16131029
84684605
54193044
98690031
25445775
73248152
44092633
91439147
69529327
23914844
61917828
99317225
30571906
64257980
57979525
95201304
26542985
80266925
50535929
54447993
10650964
75000332
33735895
98490830
68598075
14028064
44587252
26700535
27584808
89578026
67708426
44168066
90744268
25315662
39682987
45345196
88776403
57235361
68390693
47828713
80715647
81138625
97790762
30293305
67981000
41791111
65816607
87839820
10907389
44488734
59187531
87513180
83055758
72310790
28433589
79202812
95019492
40343412
40680388
26340854
37605168
71342519
51213743
20854731
29824961
24358709
37109586
87101284
53462685
53172670
24460515
30679659
21995630
10043077
53837130
33735443
33485835
44714902
86076014
35615387
63594482
27021402
43123225
46015892
63226579
44134355
78699488
45326849
94150286
59519080
84898918
37557871
53497628
80815249
32570445
10754520
48051544
87403628
35018155
78000894
40486438
39527590
92995169
62859827
75203543
90554572
85441616
38952631
17451451
52839356
96641679
51245025
46076706
47498958
31119817
17507212
81117900
82967712
65754705
55920168
55742369
37290519
93781077
70721164
77020507
23481041
57461476
71222700
43980662
81823149
26979116
43714111
22810727
47566859
92665256
97618100
76138562
30360734
94767699
73458640
62066719
86862464
13254171
31779689
80177228
88601766
61460029
66607919
90417637
73918567
64491413
62665184
63067595
66603893
64276515
12245747
85495914
12014642
68533754
56477020
24392057
45853015
29494674
74910860
66476843
29208345
22463849
98538653
35856578
73401041
74994855
28839821
61720521
71975906
77270133
76813204
19757352
91245921
38214147
75106805
57584194
62827811
82063741
93980736
92276946
98175323
97357385
65027441
45861613
50047223
74541989
64050333
10165291
29002363
30071417
83715170
17857743
17610194
25603646
60677034
90965502
97496235
76276082
68116758
48738795
85834573
11129119
17875663
63712404
81337605
69780202
47893336
97678525
39599623
89931116
97536127
73113384
67288558
10617775
71338709
43118705
69988825
91457964
85917386
72802643
34319551
27352267
29795668
99261064
45282412
51981593
53177916
24192048
98602398
84946137
15198743
35501742
74145801
96350683
28464396
90077466
50317892
83877728
56415520
96513434
62783779
62298250
83017497
68912790
92328380
37192533
20048084
59445883
18348119
69341265
54409877
15134724
40940681
49352301
81394609
56082856
38882492
92279121
52471627
62338529
45522287
10770551
22381311
90741151
60170237
50928425
29969047
95755719
59583034
28320908
50408363
66803009
75245360
83238797
93729103
76678555
63981844
60781162
49560199
88912729
86665575
24635142
44957717
33847661
37287731
25578050
78577843
87251641
27149173
18375401
91588877
96991016
91668707
90227779
83883693
36735984
63494920
97256414
35167004
88440932
87772405
77070193
70394493
65204266
18251855
11399813
75909779
28374580
55175562
60922014
16626976
85457462
86092570
90284292
59279753
44942562
78286543
36920037
13208366
80420686
37076219
90147785
38825648
19523910
82298017
98637253
96875519
69720435
32608781
80786594
99530297
94661204
73272323
76459910
96061861
84311896
50395312
48807909
57524794
88333495
99938622
29667216
11316169
18959637
65862423
66367421
66599152
73418800
63355058
87537394
88565597
25928807
12343398
39093036
84225345
45752383
31652109
14965619
15776741
54058178
39126920
37141124
58370842
87737070
52601682
96048135
74820110
47859880
19353675
95521579
64240702
14428039
54092441
68420101
74606773
31885797
99269781
98940298
50609400
73756117
10425111
45088144
64023989
66704301
32644918
66091476
97968875
93593434
92970367
24304723
26152077
71849793
78751676
35326034
44128590
34370858
87222255
57869626
27321323
84174966
94533467
30501150
84754030
76417194
66675113
60631872
86711885
55549045
34351938
10593732
44742679
63924500
43135708
32431554
36631235
75129322
45732135
48532228
31486606
15534660
42452441
46937778
40073993
10670192
51643457
92926970
69023196
33080696
27575814
36349145
53017729
86663341
95119339
74959230
19093089
78346221
87514399
88678303
68741146
68014475
49990959
44035764
95125282
96839778
38834669
24818899
83564637
94576284
31150006
19335666
21795583
69776235
18470013
75062407
66426501
55070931
88639821
53301567
62161445
60359085
21297026
36493550
60527935
65856258
48516521
43068185
10858942
73561398
68224546
35379233
33737460
99319159
94775026
57581067
80561290
82382247
48188667
77768053
68952451
28942693
97571487
12619658
34287214
47299671
98981628
68137636
65752417
85044259
56027407
32828254
53679287
63071823
69937664
39476009
76066510
27476834
15329713
35475443
47697450
59100269
76526175
19283934
23324682
20033082
96443498
73603637
33076433
24863782
83324142
23414556
31166332
57040754
60425604
20144842
82534340
83513779
95308279
74385862
33936284
99022524
99780212
88026469
36833717
73775947
98222207
96117090
42243086
93460162
15560202
54262588
98344464
99772156
63959963
25872123
36574915
82575230
18823118
28135856
73752793
71580109
61821795
62853413
13559050
30018284
36817689
98948793
70714517
66912879
90437936
92836192
15572299
63057008
73475330
71309716
36398260
62101300
39900135
69296839
95765044
79418295
32139484
90081989
47396808
51730530
20024418
57158048
33177965
28620409
90506798
45412948
34351404
54612752
96194975
80634703
30733870
24499432
83930166
91458126
83739768
79752000
36998560
11684200
38488838
30217409
53124922
88700334
49704351
51381163
80486713
93333802
67760271
47117850
62051003
61586724
39089042
99039460
34763172
13830403
88407157
79818791
53169945
84179764
35387591
70805661
21806361
27933094
63800074
13817766
70228766
22036375
92452114
47360323
44668333
79183702
54977809
30796063
72031295
82211727
58389073
18136922
84615089
90176780
31507649
88969306
47765697
15784942
50481642
67365890
18202233
14357040
83702935
72092546
92806200
68152258
56374143
60244581
36265074
59542850
29816260
13271067
23322233
31362259
90006185
34007368
96949819
10705244
32244297
93614994
28305273
41250096
30460706
54482646
65064122
73162817
94945390
37467359
77831886
25185389
10005684
46640832
33854771
55618318
15613875
88495259
26816685
30272477
61660669
86688495
81020669
99040155
89952737
47216030
89752872
37807494
18391933
66599541
65028821
48106608
95352831
78031435
82334322
84684056
45372774
60668429
86389230
82392075
13494019
63525970
28940488
23545765
38437372
27249975
97252533
93334464
72865653
61000758
94311012
91505892
16617607
92878388
73354382
52877646
13134921
85415978
34607028
11041621
65330222
89463986
64603879
68236413
82049427
45868613
70129434
99430476
39325934
11769028
35602436
96266186
29345930
14451336
69232428
77548784
65329588
78092943
32524984
27287546
50268735
35736953
99942363
86094419
59182914
90061775
33715967
59925089
60822441
49938993
37842525
27977106
24532400
42655329
44655512
41032690
65384006
94843390
50379858
42848504
63615485
26804422
59940006
14319112
25792855
82238879
72873805
47180715
16599418
24804897
70558495
93752526
69814534
89846649
12562562
34824086
81318035
19065783
58610137
99041825
61347330
43684701
83050132
12550439
41817640
58897606
61326342
11341990
21912385
33067757
61709787
70452403
28666132
50164911
17826028
23938378
38746908
14517851
57193856
92661255
83947104
19554375
89567145
73327771
97171913
17959933
80697433
86609555
27617908
19662421
39896904
95723084
17671813
72253582
74103552
90787287
59442990
64416195
96247532
96316804
41006756
73948468
83694847
64390979
32109720
62707429
95447934
60381307
24188088
39855093
78275253
16980845
34583278
34888975
65039705
95985940
39270564
35167416
10753834
67435094
88868738
63034645
86630915
65064590
64879740
35872366
37438103
18141493
48412255
77677081
19564735
61970535
56063722
13974667
68917427
14590719
62367216
69861895
65278486
98246773
22387055
61324589
60547020
44645338
89781119
58619668
88149782
98082974
96399108
33134344
46135882
71849767
70800479
22448908
41506053
89706026
97037322
93380510
46009578
47876958
80351131
25874624
39596902
17732708
82338196
70016728
82183747
27387770
41126640
35718610
34303962
80902990
26258917
13503587
68696603
60378123
97795319
85556509
90472688
29936517
90215650
88116632
55583544
18302579
65789408
75506591
74187099
23788597
85600348
79581474
10139358
33900431
20842121
38767174
18957998
79706680
67399301
61528270
72992895
66359251
68326209
13472833
39192168
55557386
34843857
12380047
27846942
85846567
73725058
68810571
56155266
33110872
15570540
18899726
97303837
28664423
31305086
61965646
63399688
38586152
45607215
26475126
56653238
42404165
43942672
48588737
82368493
41174551
50797942
65422699
51799689
50019757
78133746
86617425
88336737
26360354
39251674
57563739
42636833
96482358
86037987
79836887
55072919
29254078
34020443
22365833
93487871
28481441
19183656
14013409
45025074
64111752
24445828
79702665
32516784
23793111
31822199
64502368
71875655
14828817
54189665
53925474
82798065
73062830
78924034
82825530
12494675
33527706
70612277
42997947
98428837
54506744
93468836
78614289
80375552
79907366
92586704
34328780
22164929
13954783
58209647
47172524
13178766
87406405
35254973
19765674
74244600
81774019
98315968
76594729
95641017
12145813
21099802
18565155
12149505
28318774
40201594
76005548
83753090
89039015
45923277
41031906
28255270
13112099
94712669
52770009
14333003
23111844
17455430
74528528
13768121
92987837
53824670
25782627
63594562
26097455
44888017
26697385
69456660
38503429
16998775
57246245
50520906
36570281
24314852
14438214
34125268
16991304
75144652
36162344
78221689
47655294
50647518
66207431
83027877
60883150
65012300
60444314
67843204
71328993
34703528
99269902
87357656
81762889
99669191
44607500
28841942
51946399
19060867
79879210
71129876
83735363
24608378
34739335
24305161
10679601
64263462
61349787
33765788
58029924
77134403
48429219
66748257
73495104
49136667
50184968
88628611
68660204
88058709
83871185
17661318
91221268
85436296
51207130
39820063
59107414
48764996
86198575
60169392
99767808
18346115
70462328
59357948
70269100
11553931
22164393
62529823
32517051
59251643
28025915
37556990
92362453
41244204
49200286
99277917
59037064
18862315
54085625
80402664
68099182
42788450
77085513
80824872
19028957
68639900
47848268
70338444
91147550
38704280
44608778
11904347
50992604
57902686
80373890
15153827
76451017
35904204
16901503
50141762
86838806
79911746
75163902
14449521
54152063
63549171
28516638
44438063
18224436
39501268
97846880
50580304
97368668
24158519
87247568
36998820
41787393
99543039
74179634
58962180
22222978
92354500
30205453
58164193
43519578
21135765
92504391
67607965
34772548
61115625
55823856
64185786
11752150
68550944
43403399
31272954
22091817
49385172
22480095
66115760
10486038
76845562
56655483
66906775
93569321
39678766
89143312
31514055
60484596
27913684
25523091
14502931
35265769
18891340
76179669
20767081
69167139
70997902
69507928
88287684
18041129
68607801
57355533
13579965
16089209
82352209
24693683
65570254
21639279
42060266
35947954
43118394
95694866
64367998
12365703
81565328
13395544
10196702
37883411
62235701
10448256
15935764
54305244
32816198
77445331
52070886
64667620
55423151
16206243
10215110
66260645
27314523
28090279
73856372
13465393
84611392
85463307
25819527
27068556
81861785
85893079
43946798
93383560
22620509
87020319
44043716
36076928
92538837
71637351
71631973
72405363
46864689
35795178
38177738
54056596
33274463
44070830
67441232
53838674
71904336
65547445
27408058
42605151
67319384
50671910
58379958
28129955
76498736
88890771
12034768
21468628
21175350
44379323
63197053
84751867
56173638
48977174
52640425
66508850
69990505
46420100
43862990
76298462
49526601
41515836
56123692
93592715
57743315
47481962
95621857
11127862
30004455
84523214
92684754
27041276
12899855
20651173
36796511
71711355
65950823
55278753
88803716
27424798
36053213
27093533
25107408
54389892
41377738
79683963
21335024
73731723
30734912
58484243
15448976
45726046
43303697
94195427
43572289
26865161
77025464
72122534
50665976
10918221
59360934
35586088
11530723
18862598
64097466
78122041
36562951
45442908
81012215
72017725
73680116
57032177
37035157
68292012
87360338
79463203
81295400
40564881
70553685
72778003
24927748
69170465
25193849
45343234
14240064
90335837
23509134
70284310
13361135
29560378
83756225
70392414
57712307
51030572
37105039
44286933
73580139
81319605
62559656
96754695
27419812
43093533
16813541
51806651
10127169
84407091
98939761
45596010
52119273
91763572
99755654
21416937
10788064
29526110
80767631
47903285
12322032
64955934
45327209
75131028
46016912
17272783
23139248
14560879
81322139
74928239
17519285
67175050
67647269
55355510
51278960
91498101
53869384
37131068
12908342
65007424
98675986
30855664
43459377
72156065
41302671
19081933
61407734
82888193
70427005
50471162
51849174
87843694
97318958
26867150
45602055
37574635
92179564
15101967
55240853
45676449
81838589
91758032
49917270
23892706
73692818
40685972
78360532
47234622
12503548
55506303
79554289
44772885
28316935
64542628
50695046
91881418
90823498
45477976
69582747
95909547
31493850
87118390
88666228
97556157
83247278
71988266
77157196
29902971
94146187
88444367
86223008
44087939
56849842
20784735
11449842
44615325
86054682
94952909
17750433
55416401
18948444
65676026
96651704
95833984
29752574
73194957
62537473
99573413
95296046
87673340
90007510
98077142
17359858
18531756
47015611
38271933
84648278
18830856
88704231
23398920
71357495
54010381
44218312
27224139
46621381
87851078
38435814
78684531
33071565
67913302
24336160
43992368
83059585
37610173
13231857
34134670
21077903
87877547
19746310
61005068
55571391
97681420
12930623
79648647
70386323
30163906
62774103
94102387
56891177
28886272
93380030
37808265
14418465
35748117
41377996
33541202
40858815
91717424
23278169
11336312
74870326
35103763
39227709
85472241
39438598
93059073
21496169
64777793
53466899
68838419
35480510
35731145
27748399
71057400
91816191
66675865
81917165
40837939
63995682
12247904
15091542
57197488
20265806
19725164
53585495
38550189
74218372
61650356
99448224
49836603
88489894
28127579
39245200
64096692
71944895
96664649
37616976
55795317
81181640
99111330
87591908
75725134
57462737
77139005
90974254
71630123
24690080
18506017
94758919
59885993
82035020
73616442
81737286
91439236
92493993
84791669
23561577
99818060
95185815
41408771
49659888
43044840
40915717
95211882
70362462
69390078
84000469
11255156
64569612
24949421
47543610
73750001
83301898
48491836
75484921
45984761
52669611
21734065
89413578
62441715
79359047
73391452
30039807
18304695
92697095
58149067
35470394
38424016
57821985
62927756
78035730
96476549
15180440
20530596
46067886
58065071
16635519
31407567
48406718
99910996
27016163
89097294
74261482
33131956
74501155
16970259
81444284
80924524
51006999
95255254
83243016
61660670
29450070
43791726
21820651
37811270
94273783
16849396
62875704
41161232
12069627
22474725
56370997
36043182
34787707
49347175
78550695
20274862
95752392
63064886
18307377
19201502
25364416
19168667
95680106
20868753
81500402
32562137
53984729
62819746
68173264
39691822
12427425
99278508
90068040
53889450
63253510
65311850
33394100
99531543
21737029
95377650
18681522
21953215
32615612
60375291
75063881
15791388
46091559
59927004
81438675
17396949
79172989
74528415
72283723
63981163
27967176
90221864
83099614
47405109
77034642
40014294
35848352
99056545
88973565
72451873
69628058
32902834
71701969
63859893
15742570
46182965
89055206
94719936
90118157
72830531
85974113
72319495
88903107
64271087
51891674
74877665
78073161
89377558
96625161
28015862
42071693
25531904
75980310
23241960
62634183
69287786
29736689
88342118
64256363
79487542
90707568
93152877
25445972
78968279
35172097
78536046
26244321
88469431
41602746
46811346
82526364
71883549
77742830
97315972
16949913
37927574
94979179
45176152
10221526
29978688
31649613
79348898
90134147
66336774
91092737
65966418
28606743
50443664
63464382
24425197
17879200
17489549
67993281
34459132
84812639
68659977
72141134
68802372
29785657
52344737
78212163
73122626
53671270
91913773
46445526
93229148
75365147
90653740
39388089
11604454
38874567
65093058
29482945
88943147
55231269
27045705
12362022
73377983
34399598
79420920
46673425
10667229
97101859
19391216
36601685
21389155
43968444
92697743
40862696
81180149
35142166
43622509
74015708
40045010
13337750
86394943
12341319
30130007
13668799
39195973
57748679
67730970
25960297
91846373
25449364
12047330
69317353
83186007
59931597
32397571
86553293
63570618
51936095
85540026
37533453
28822770
54425322
41501939
67629758
93165829
59657759
44812599
29524698
47680837
89408237
61003757
61803653
98994394
25614099
76330874
72356436
37059175
16695101
75918645
32690240
28873096
77493562
93352639
48232692
62997375
15114234
48182898
58328833
18750408
43916035
83281008
17396490
32627575
21397337
81927950
24098259
26262228
91301071
73390124
15158891
63382747
38771255
59919479
11292315
86801806
45097752
40876630
91611945
80332198
77158283
62436105
14065168
58105619
40804785
27901771
28493880
37459652
87414082
70152979
43897962
83154993
20398909
52896113
79666308
51370676
11773832
80824927
62919565
59911165
14593702
66294799
70645883
73662723
59923438
97997654
78828680
55482659
83222245
13247438
10463460
65028721
24180196
11720121
90165907
62695838
77035982
42700803
85861080
35649356
59004656
14482646
19850714
81519496
32772967
24748760
21194084
30714147
33522134
73984052
50956963
99404897
21441085
72985166
65602494
47357833
70121652
75944556
88899994
32936481
17779137
81941289
65567660
94935899
98707992
44957871
49379994
48356810
67040591
45346920
82555759
77445661
15651226
72030471
29510616
66226739
89015696
78054800
39745139
83175895
97628126
67878323
68534889
64663920
94977263
42650353
64402650
11929696
70052065
14094374
28813519
79842685
87071482
27698545
73292735
53358248
27672942
27703776
58265797
88016028
38785241
56449157
58518044
85894893
80630824
27745820
11898053
83103005
61339631
31769692
50904069
67389201
45353113
43299434
24933176
21712555
87015046
55378151
39533489
39568483
30430702
47944691
34935309
82940433
64887034
86459238
38931703
44744577
84534858
42626449
98183460
96876347
80022780
69109969
22102151
67705222
74501792
18805577
96085137
65920187
94089086
61866531
32612509
99122776
17817413
16045041
71089024
65700506
24413062
90100612
85707398
35124627
41321810
18944883
42468556
83505213
96699989
72979451
91330369
70017681
29529327
58637454
29763880
29570147
28083846
25617990
89572659
27126605
38349754
99647717
19905525
19140744
90398787
54457360
22704237
29670012
22491283
85596600
68191254
93976156
51415970
33967184
45576194
79602659
26461563
86308772
17630692
40722302
53764274
58955054
12416471
68147430
54470794
19273012
78420628
25967879
61235277
35065875
33063061
20247975
54771154
19963016
98469984
34978366
64015254
55983745
55972761
38705748
21117167
52989620
62771495
95311135
35485840
88450777
73182702
66944234
17763279
56103882
18538353
88421315
56970416
42826488
61050553
81248340
36614940
39396613
78709050
17271837
39913984
33665234
55897146
18821082
22599775
99253070
73459202
90616842
89113197
79996484
68267398
26986862
69035024
38262164
92240220
22659630
60728843
15161861
18422537
10070649
90066813
22913930
18152188
21636849
59007171
16609780
24729310
53361145
97973391
69697818
70776997
13087798
76368927
52058366
11604632
19495338
24812516
24929221
76119761
33333223
13384032
17524544
84369182
14684072
57372606
34188018
72904115
52457848
73678018
15093181
80171812
13822792
85559116
61998991
58685981
56991048
17774903
24494709
12520943
32998921
43648219
69552100
75595379
48359665
93932179
27104889
40926986
48365312
98655297
44136691
28215060
69628731
62832837
65983483
16322558
17281399
36833490
49078928
73082854
42142180
23310934
29741516
25620560
71753353
85407302
18834714
52713889
99681381
49469435
22545911
16188542
52776565
31494352
63167222
46911237
70402765
65157084
80962331
14259871
81323260
89851665
88257246
90444302
15937731
68621104
22213094
11441314
86525354
73773242
75472860
29255852
31315334
95318541
34841166
65264081
20842286
47568083
55336337
65589334
78950591
25101678
43017177
32986099
35496540
86366577
45102772
40656312
44383829
15539975
60512435
62995320
11169652
55726374
87399311
90285104
21706361
93493642
23271627
16007277
28027431
67657117
96912374
84783305
90533823
15075813
36268072
27081268
14526561
66185563
25607270
43996538
82486264
65123769
45389388
55048680
11360467
45175704
34241962
73078048
38625737
57087676
87822895
53278253
41878223
44604957
23005120
98102904
76697889
87045154
72851495
66121949
40548471
83382575
24269873
96201694
92891535
24406125
55521941
64183016
32927082
88835046
71490309
82574063
31215718
92151586
57234953
79835781
43333843
51829025
19973842
87166204
31594849
35561333
20339975
19935021
18266591
78523867
41386578
70047619
36192247
66168028
25701186
36280285
60325878
97500453
77629634
65895008
27418470
18470060
24938043
17780726
57991092
52641617
13894677
84038452
71908854
17727252
24872996
21646336
19262922
86415478
60191024
45912944
34463772
82834522
61090676
48908874
98806186
32280876
66335740
32602231
79879306
49031289
46613828
49204101
79328959
62144275
30631299
60977628
73907450
54543830
28542813
12980509
59064811
18224945
88213473
95980590
45032489
24016875
22082518
75618949
97584214
96139064
69464643
55505206
89188446
32445060
17329760
73448309
70030146
27758854
52207674
44048803
24072838
79828926
40078715
90832552
38763836
78464351
12409135
73241975
94119450
52740629
49625292
95220200
89234615
70249843
32245787
21792660
98430521
96675716
40604824
28378828
19954842
39803080
31485094
72604987
47339372
82200985
40672434
60801508
12869277
20276111
35571805
82851635
66593314
21582906
78738778
54369120
90624399
89667804
74230886
55275886
99847710
98443573
90307500
28608191
69901701
23616702
36467992
33808756
85968160
20280622
72688304
63471759
16755105
28992572
55376670
37640344
24688233
85274865
36413538
57939041
44495795
31332053
19176502
44895366
52022031
15708100
99965851
81142517
39397863
73319254
82888604
66052583
79052834
92990251
39841881
75381955
28247731
82666304
21179128
94981209
16678696
45377728
42940739
38999736
11764348
10040384
74110127
38930586
40627901
13194783
78330189
54741309
79164407
75364656
23459653
38865468
95980223
34137742
77577423
79344169
71677758
37585427
41641768
38799640
10112976
84544643
54236003
58660405
88574006
78464704
30313774
30402840
96130047
49986755
62048969
23168046
94364387
61187209
35708432
46147045
96321689
39413688
61526304
88612392
63452741
80185388
61965431
51018717
58283441
82059680
35177326
40668349
90945148
14442430
41480595
11776873
53024299
55574665
67402984
11032078
96401351
63808097
49241674
75501782
59478828
10974230
91816876
12287583
12588414
55408667
62199635
55576692
38528643
54843533
57055866
19998929
12082471
58975074
98128886
96549441
59648982
34940885
21151502
34004697
86334284
70282167
63886619
60409055
62881612
52868947
70755972
74185450
57187876
91903871
93511167
37615151
34772072
17608863
33864298
86180007
14942388
58874572
82705816
47043965
48473096
12383217
14727296
26977728
39746750
57617443
80369032
45885535
19236840
48972170
33686968
46244756
40653889
76460536
71034355
42259765
46022942
20231362
71087007
40627363
66624131
43867023
28623653
46876184
13100479
31547050
34557395
54488279
87285223
66296735
64899254
65950762
74960405
23171422
24978363
74053753
45626186
56914164
52864557
16952336
20016908
66913570
64726111
51540411
43895833
26037266
94702514
37073198
67840743
16438373
62737859
53810553
83766761
73724622
50385187
94862832
16800789
59718890
53676655
69189788
27216086
78334045
71832747
99854973
34791877
97783906
13394520
69154175
93078522
13524581
11164542
74795125
78143144
92543531
24888780
98409195
38042496
17957131
23936228
97897905
78319230
98850770
68410184
99426991
24454726
46056408
47887570
21648688
36141412
33422259
71221297
30744963
91083365
42704871
27131590
96113450
81722634
89735939
65226963
75329824
48865010
77324239
36819271
93858411
23401477
53006896
68544361
45542504
93683653
76162892
38798201
13362353
15926367
92988173
90696155
48802766
10466139
46335762
25575714
22380618
23476948
89647581
92920087
92776854
19269193
15512981
11732686
84073066
98056383
42068032
96452365
43056255
84263824
16796300
62084200
17657421
82837933
72546630
88088725
85639710
49169962
94787163
65410964
30674178
57518699
21548547
85464321
45391221
67391578
32141060
23529660
91942961
10088213
98884856
62044449
15409461
89976016
17515555
60529990
17712925
22736298
43967705
56708840
28323270
34102891
30808441
17822034
74585887
66141016
20799150
31524093
64924266
70195773
46425428
53111811
75928543
48564638
80948475
65073205
51542747
26082592
84498686
14450847
47173760
90808743
15714139
71146403
26638716
70827924
10201629
66803618
49530199
86956540
99275334
59207991
55899499
78546651
17294433
21178007
60100804
41787802
56790407
89065694
21576080
46582724
96903952
19522265
10094172
87183177
79228651
89444465
18292111
41780626
60289240
72784014
58772892
73206398
32950651
62716083
98756494
10320794
55197001
49480878
77513190
54722624
56857976
18579043
45290618
91495684
61258420
37126277
54052451
77632781
59404537
98889290
28999946
51619195
51431237
21235874
71632135
28980569
61836020
16509047
59964237
17546797
11873402
14716300
89599267
80510372
98456305
36189350
91185417
35459764
55839819
55991476
67315618
31230071
71381455
28124223
11739384
97585216
28264267
75184148
72473784
20328318
39693524
95453820
49648910
87753212
86609760
75241976
21593141
62498440
43759258
43618621
18928703
86703301
35827605
89061511
35324420
38068424
61552276
76332214
24910598
69071059
36791967
89713986
33893368
24517647
96129903
32621978
48383525
80089349
81968687
92329147
56245202
27505548
43905991
99599496
16893742
14739019
22199541
46749977
11986445
29918585
60169918
58345087
90868226
38433924
82580992
10866139
21357135
60110465
86581713
12432682
82333866
68523290
57684897
49030587
82127801
54748892
34387635
22972868
59500972
57489642
86314712
77526694
96179889
19526324
74918034
36988217
48160906
47330872
30369580
43262129
36407417
50796435
93496637
37483857
59511916
13317008
95554246
41262307
72802369
35791524
17827419
53293651
22614861
42905707
28650560
36422711
20537995
14934981
35753385
81703730
55471131
22180347
76428147
17660147
49978255
21009969
92187278
71008863
77667416
96001486
22256346
47591683
49457099
64051239
66238417
68334406
75781037
10036907
94462010
42808767
39179700
30034850
38587081
34985861
40637708
57932227
14425439
84483411
79056765
29718753
68300896
90450555
40323035
23624511
15722185
23540116
65498333
48937705
32657157
34521417
26985580
28582491
25814136
39535831
85659238
99142899
30636106
40088352
80072178
83390741
67215338
26347411
62933283
53643675
67115771
42498166
44799312
56912491
90060115
69732829
85684591
36889099
83606308
48365339
47016022
74335022
44736655
50053841
42567105
45526705
31553059
67303523
73757424
29257061
83068573
94866715
30357475
14494521
65940599
27009159
21709080
99394634
22731439
10411371
48318744
36129780
29904164
61550746
72673105
69314874
63770739
59630351
46959041
12099589
20194433
37922040
92693319
99732571
13860325
15699948
50040350
60737476
16628694
54823706
80207942
61975792
23325227
44554095
89854183
62406856
71051175
14968264
59615424
57711131
10415598
21114283
93941089
31041020
11546537
57579670
44213672
61743860
20205675
27223573
25335850
50858648
71661472
55567093
78622711
19293097
21616667
16719993
64272025
59262550
36891947
44477029
70110382
23196751
26897958
29781647
61031765
43782469
17839242
72772614
47068949
45922023
61306424
70075425
72677257
34328287
99546797
25227238
88685022
21111626
88833531
52900515
78950727
50732376
68636900
15275487
95040882
89220203
70582272
67234544
41296750
26334717
57780318
98993851
25328042
81071385
66967308
93448573
20850576
36572357
48482992
27612484
93514616
50670353
78832945
61257210
51182150
34569455
41188904
46000473
35362764
86295167
56716336
75428565
82218625
19674038
38267266
72779586
34802240
66859649
58419403
79210804
22403916
88235547
93641447
56237142
89607626
19603424
83950516
73471048
13651735
40779538
45442970
12396484
86960759
61452262
84990592
52701815
51041178
98477421
61065090
19744070
73895058
56528618
18188794
82465726
26270332
89328360
93367897
69858736
13734576
16570104
32555488
68291573
97004910
80040147
35908356
45337526
58920310
15351221
19218895
75088587
77206299
73422928
97532700
55127046
81831249
10664789
65500615
57535898
65230105
53430259
52987314
16961156
22863761
18800007
92284859
62135005
77922118
10078264
38706312
49171378
56892589
42116163
19118694
81092455
31755799
94609796
68333961
33083406
22250047
44206000
46683215
11762355
29189296
76233809
89127304
12540244
42862824
24295147
87370831
34316433
59762626
91029279
67722250
63740891
80355209
25369001
24018508
74607591
55321893
43564775
25431166
70864415
86257234
31533472
81928364
12604537
68123930
51378882
70381016
76222556
13107280
38332470
15149134
15833643
37726380
68994830
91417691
40780770
97022849
87801713
85446968
49341410
20980821
79096662
15288668
10964618
48982090
30512936
33594982
39947460
43094248
87377545
60057711
81207590
26478057
18680707
98056949
51655031
76254690
35760519
53996334
19689870
15374273
50826017
53323409
90525483
71195287
64481217
85600186
16549460
76006905
85300119
56826577
98540415
83099810
90873756
45430831
79257626
49979258
54386003
15359228
55195160
58403671
54075608
79550208
32026331
93981317
95726997
23571665
37041056
42644346
12462343
74811556
21945992
30281039
24905185
83592093
29679058
23542418
32413385
81636478
63053427
70393896
75368803
48607747
51699645
58316893
29566869
81128661
81256406
78642174
72628095
59510843
68488310
46389641
83598472
99602490
46591410
24499374
16164428
96081566
51987747
19298412
87314738
97303091
18720440
96235947
35616862
95743352
81340134
54818784
47970836
43813353
38243676
35154273
58956165
64413911
53422852
31309538
87056282
16470012
73902324
94194317
83469506
88799935
90506757
38524440
97521234
13269844
52513063
97586744
63380275
60230361
65356211
18631570
70424689
87955421
88492780
92564172
77662082
66487118
49413483
58436682
98713139
34734391
96334829
19495210
52716767
78936770
75501002
97509582
17375243
70630577
88815984
43066585
88264756
22064090
18529467
59973785
57498058
51987170
88401470
78631498
36628602
96620972
35043282
71572125
36411052
56933890
34297003
94402797
98401835
46229657
53324022
20251180
62682177
96797533
50958908
11516327
56608820
13165684
22290133
62680395
95324075
96528897
58278143
76495894
57891027
32333487
52560467
70744676
69403527
25778752
23479203
55999230
59972862
88752621
61321845
78533693
57908664
28953921
21054891
62228591
79395321
81380974
80350214
75422731
16377056
48192503
19380643
52495955
94928717
24055776
74581331
94053000
81757978
28077082
42247936
56839850
11139021
91800818
96725330
16434115
54191013
72123924
92052038
87874052
92153584
26268851
33714007
83411351
68338378
71383816
27695760
77870935
24199350
47518554
31452260
55563847
28309529
34690330
81952938
43371191
71528925
45421719
35478534
21971588
45411337
22349328
73834994
54558770
98761836
87853473
22482560
97759251
25396124
92886065
39708299
21601220
81183137
84593012
68767010
99619744
31840369
45337405
31328490
85210562
11445739
76784205
94790758
34739424
83687980
43469354
13680206
76459952
31188071
88330813
23868850
23867579
70942081
77116187
82412665
16563015
45320380
47779508
32880078
58817302
72306287
96072301
47748421
45124109
99577572
32554767
92481008
34117263
71867728
87893608
19382266
39707548
22758741
63430143
71002408
20865245
55002836
54302096
14881438
29700844
86515931
73014559
51401731
61033725
65604692
78819022
33210697
81189824
92366440
67454021
63527672
38469767
53538088
97613850
44633408
90357738
69517754
63688001
31227460
33393044
65677840
41479043
59688946
37003920
13962530
70494749
74208332
69606643
86350246
86515679
37128907
22418790
30326496
30684865
22828120
82796604
45827685
50730464
99670203
72525684
87871796
31352839
76289876
54163059
83577096
64599568
50280774
78329269
46831168
87600148
23633639
95977004
59179338
89850443
15647710
18407915
76415499
94435453
56330904
19080288
57140759
90404644
88799566
32105026
54443716
85446332
59695942
37021467
48260628
77128066
52806095
28035284
13836046
60827074
40183009
91452323
76535157
17897208
92987372
73074237
94580995
52308785
38259180
76212503
78896439
51245213
31499369
12465907
81162987
65506135
96917376
83912784
81298500
59058936
94831116
37664441
34807546
50383522
61239317
61235354
68958530
99747291
81530189
86961490
31872123
60486729
76708679
84226418
69065519
74236141
63102834
37921814
59403349
34057424
47025028
37749556
39978303
66246748
58809401
80094952
79314095
81568924
40154615
60959903
97268279
96985877
96219302
99947019
88057666
67859807
86369952
28537927
25196414
92424187
52158212
88760504
10084623
17996966
61525825
91483084
94695431
10732002
23266673
25487600
41444768
95440917
88818451
23720647
40504430
32168080
52237584
84436094
20143110
12450217
75207000
63091245
91991899
99686227
69252694
21763462
43251669
19217848
74738087
29472455
70181342
71834228
83175077
71659404
41950850
86277304
86586743
58242123
33356888
43645048
83705440
15687803
54488189
54058103
85632278
86527047
15164785
21428024
12525944
72729998
14347130
57536198
10845044
63339284
89696908
69045107
17179476
50570084
69525995
64050658
64494637
73713314
50020768
20335373
34846296
47087772
80642354
28547255
53356710
60796251
36561027
81985876
58937460
11999095
66826282
31222722
36832426
53761854
33623234
96941237
10731717
83453390
69836092
25333365
96076285
97614361
70606772
12438771
55704221
36450013
32588975
91411207
92796535
94875442
63947675
13624370
87267483
58624496
92768184
94496090
29529892
61999176
92289849
26781228
24136382
12330908
55571857
80046255
87119760
92831669
76176782
95326297
51242310
19596441
70721177
99775540
58261138
46369884
14435894
15334641
98306716
88022420
58246142
17147302
83903917
55290265
83710058
31096518
14592620
12185650
75419935
57649932
51197887
28666242
96684789
85212375
33329497
12602852
37946763
17942758
85747204
44294107
82011445
58712009
56151211
93466796
89952246
37046894
40340450
29967862
68275232
44078009
77859754
79455906
54520051
28169780
19635244
45105333
47289408
85118738
15280331
76830361
51423554
26963575
36257767
62330615
47043278
61182870
99709755
23502675
35059592
92508302
54759340
92642970
39243205
59124238
12962096
30396868
26312726
57368091
12164069
11692798
64003556
63588937
25226732
88852583
41423775
25927218
62630593
46516150
38142407
93423147
86130803
41733247
48457709
93434344
25510331
26832863
93754428
65219102
73519141
98791844
65164798
83249676
67629160
27089455
64197067
44619399
35577593
32554038
70052592
25980182
70030493
85158908
68883594
42762739
81148444
60581157
87710110
43167898
23528359
75891989
20460606
33192513
48076055
46086459
75182732
26605938
20239280
94878345
94328710
25451743
23443097
34521376
15054337
74118110
71384478
78490735
41694983
19939630
63462167
95378101
27213612
62282521
97447952
43083694
60839260
86182514
57599622
22602701
23009227
23402844
26154584
47650663
33334044
62729416
19720956
40575168
15196906
71306217
43419627
29529414
43931880
62907665
59928270
54579712
61680264
66063506
23741253
33977607
39125021
58869158
54347425
42932052
55963705
32549680
50987627
33140296
39638347
93420849
38576501
13038499
76087948
14574419
92292390
31556148
17927789
32451795
47542060
55780062
18295942
15548753
30417961
53957755
58301125
61398485
92207305
53655682
98638228
35467193
27915996
99846523
27008419
55304021
36290940
69191312
45648440
87936594
22908021
69637964
20399564
77476410
68317904
82909291
35140558
90941329
85956423
31709120
55192438
31604916
55581522
93488573
15958787
72861962
17940252
16888735
29986069
15106101
94825274
57174147
81550110
63536181
32227859
48539622
95233247
98761685
24741689
22411733
95346079
54428190
76027244
62850346
47084033
84420054
26077287
93666516
62835488
55307756
18240999
85662089
20564756
83538220
18724275
97114832
71686592
86391618
51758492
68437195
71610427
80206237
92457118
37711862
12575363
70195167
11930595
96763182
50220685
71341388
38428844
10536162
44464786
61684633
74000950
37520591
51440942
14991642
64119482
17229523
16099825
89637720
45704272
10021954
19080602
85556487
30743283
59777490
85622301
71136705
23526502
39589053
25012896
86889917
98826988
35888960
29109703
73060811
63499512
89767376
68059288
32635331
11054499
93180300
93230298
41940930
29009104
47960679
43660269
22395882
84555598
89695360
85669253
95615126
22089387
12642196
98519215
60066728
37520143
48387215
46046079
98014079
62230100
81454484
24810651
61888186
32651358
46439652
89602671
62074390
36357340
24139286
74445838
29769740
45562235
70298072
94601129
64796188
41970343
21943211
24736415
82980917
77651137
72482330
41970065
16240399
35615565
25595521
48440236
63196154
93899809
91906723
90191574
22007556
35266167
34269657
72591525
98240849
78658593
28035164
29708796
49385815
29543491
41843974
26813425
80259663
96968291
92298675
23704868
97740649
30599474
80747893
10214446
35156049
74778855
95994155
62460726
44988492
58270944
18907914
69750843
20178934
43371359
13285458
29478826
98088135
36074174
97065402
37372774
28146847
88499534
49308282
23333257
83683983
21394583
16907021
21867111
54014756
51391511
30638855
50370719
75926925
35987699
92935693
93932049
20969358
65522957
27067265
60080089
11061377
58060958
91892693
17599914
95529249
59106934
26511714
55923194
37308231
64352539
95450724
28898823
52295145
70492901
89409352
11659640
82986314
54229764
33496308
47315537
54947723
57166332
34260554
17009443
14645967
61154889
13589762
93885829
75742525
67152487
71613841
79706135
98201248
32259486
93102670
94942227
69868895
68793133
40680918
46855730
84527573
59861058
57373468
20342783
74082597
47072201
53743345
45328581
86652583
85074518
78112152
77144855
21940086
32355267
98979796
42437447
42697131
88827012
97613141
79916579
57731294
65093665
71857621
80142889
42864339
71375311
17476389
11411149
64911803
45563351
47276145
77068136
51964792
66683306
20865960
91745922
89766145
84252182
69041225
20473313
31874962
51903944
55621862
50201944
66935490
25786135
90310869
13921952
15164178
72944968
71491618
87690145
32115261
80003313
45576106
15020037
34121111
51199083
74276985
61131426
57398104
20745628
67811734
58071926
23700668
70278392
73227841
21393627
61735509
49090556
54787298
25156264
27689708
60478191
66597719
67504382
74178327
61598164
27822195
11457877
26094206
98486123
17920891
86261895
10431098
96931350
62200012
86119250
31356808
76324002
25323120
60963602
36219753
59111603
54905338
53752638
48840313
28392998
86539540
83048097
28496531
76935031
58814938
91648953
27838400
45295029
20610880
33817012
66886344
55818535
42513979
14993992
44017280
54739880
11122762
22834433
43256190
97561339
13352595
72444997
28142388
77070065
40568740
12264832
32755539
86586454
23437112
40241220
80381908
97666756
86538249
24479811
34948182
15811141
70331950
13733878
83942773
65720741
28465758
84902170
30180174
63011773
17764034
64957051
51650941
75647642
22705476
73571755
35125423
94570974
47929334
14559686
61085136
16545593
93949854
65232086
42302496
54474649
31428272
88158005
58393065
60694592
28468721
76920167
44283365
22570166
11575937
21489552
98050416
59787611
19022892
55582701
93061074
74704153
39668657
41685395
38872448
64131475
91871201
97724960
39126869
73575059
61014910
94808786
70106225
83167802
56555032
42444237
78283079
24553520
84200149
60836065
51703605
72706149
59809625
33255518
53777933
61193059
70325465
85861375
60808161
94252831
77297459
21540698
70187123
46473371
97702530
36580716
14591976
63986267
19632619
50032574
99546333
97339407
65789855
15728116
99167594
17383393
83381383
35232560
50288618
39504075
11290197
22886055
89037113
94639165
56262984
57286687
82924918
10273464
42140598
51775424
89804345
79038812
43590234
40941154
57050487
12473898
98310776
97293915
47572347
22621669
32038962
37177223
22542770
36634426
40686069
84457209
52328979
88087962
55726486
44603133
37284410
39664930
89836041
83070065
16434571
49970986
69285499
43684652
92149256
90049492
45902794
96460141
43025593
79977253
47729862
78433057
50340861
91847567
60428385
56035035
79640163
88378182
32514083
44876265
61113328
77375204
36141022
42311065
10069841
52332818
66896711
16292361
71328536
24329680
93266278
65347534
84272761
70198616
71490806
39705491
48569743
55266499
58894819
92922436
43873731
97811692
23453394
49258989
49168593
58642089
19792251
40967190
14732743
90277437
13605165
47115366
88017865
81891965
61308174
96050363
92226888
95713909
66969739
71450445
50741641
31798121
26687068
45480975
17654146
67565918
92625347
25207061
88388979
36950001
90592784
84945635
38934593
98653463
97596574
20884775
50384376
96017862
95482357
64048580
96351395
23461871
90365785
53166820
98735753
75335328
96670423
57258467
51568741
17794256
91287215
50038755
22710903
23723961
22974762
39312158
72375030
22015970
52495042
21666516
15369094
97282529
39815457
52893893
57299289
15455666
75924951
47707759
42920475
51716876
52031616
95880519
61408404
91370415
91959536
99457729
68769415
35300836
18152299
87837563
69854293
74093470
98997293
81561329
90688627
73715389
34902070
28122515
31143289
72656406
18510211
12143779
53469910
54615408
93944399
45113280
46245593
11017035
78212742
72812400
67648122
92059616
59889547
23212726
63188563
74376196
70737422
86938023
88323581
57005616
51529003
82680804
58325710
29992562
92793992
45922513
82429810
25429913
71393631
88487388
54039464
58295847
90061371
69203107
44938068
12357410
98408467
81844780
25633673
21081064
62708497
26998326
89288490
62225954
51604269
68898016
41680766
18871362
97564277
12125584
97213259
68978148
47024036
61278729
76764235
17764599
78074767
81469292
38851858
17815149
72757780
65691683
15154614
42052570
40422334
27730623
96964052
33663277
10435301
75802988
15435693
90639332
17839612
73886693
50708143
12409227
65555755
47748709
96025438
77505553
69174154
85293886
86964363
24522155
49703843
97629303
25051017
89626386
38694490
17552349
62088175
11428337
34520391
79388802
71021753
79950166
19971910
47706954
54990255
53820794
21377944
11873321
49729496
32564036
30536385
19204218
10496197
48473251
58735964
17697472
45010241
24795863
32284403
98705032
23753736
14264625
65965147
20767522
59517865
60073305
29539588
31034988
91419518
11122288
46711494
82383554
82974588
32234870
89592631
38918006
46248251
66394800
91331027
52437473
19652629
89595225
44068221
42879891
64255382
80665534
59741600
54196259
69145299
45751555
84723414
80320098
88839480
72387776
18325941
14872013
38543678
15023876
63984398
32542654
43533401
18250204
45702078
68628984
75557725
73147031
52029685
28376011
91970678
52534056
26292751
28399783
97166392
73064892
44814569
84931016
93625277
22739800
80449769
96079742
71106538
93814515
24364955
80700432
48905273
61541097
92783737
80558719
50646243
31128426
38527835
43783706
32647248
68745825
31508744
48689324
44269257
27939418
47550006
60269911
58289331
86326161
30491112
32998225
50474576
27804041
24780597
35753425
83434864
24317548
31316073
22597556
27963459
31469745
75112430
78737229
60536596
55953097
12848546
27570840
19033377
64208617
95472136
41900938
21690242
93000542
60898833
96345150
63652056
80929504
71460160
42453178
46937158
50939482
30275975
66461890
17397635
21916864
94185933
76885474
30255004
94699762
38352924
58409671
96148256
54385440
96146820
47032814
43015901
42248509
41279430
11118737
57675087
94882620
17819747
21853034
71754828
41486930
32038013
77127566
62667707
61441297
14710578
11148532
17177905
88369913
68395332
36459404
52202742
93743420
42377952
25623341
90888400
48005514
86944365
35295182
52387143
72455842
58024908
56294389
34761372
16152968
26461782
56667064
13447708
40356556
69455144
89141984
29541151
46912444
25266213
66346703
17042492
12547850
18490228
67710604
54992037
41412392
76465735
13332113
63141011
79585797
86481297
18869214
50767806
65663297
33421415
68366734
58417761
31468786
67833487
88742398
18311304
53966865
94874679
90448090
78306545
96446822
62434080
44585883
79086702
70193433
26759518
84541794
90270379
43942975
38203588
52633941
14469777
96854179
95069410
11195932
10075394
95172140
19939531
83331694
22304353
48355945
35067120
70802276
64728851
54509833
98346509
57182026
54850491
20331594
24804352
10650900
43781895
14559653
84599191
18614895
91006473
17500648
61290675
90142998
75072020
86127092
10643208
48950445
90912086
82328988
44363637
53991191
69639989
22610341
63966993
42194132
42428078
54553540
38912336
24191963
83263660
68265292
54943076
97810863
19617350
57514820
12390870
77477096
63015883
58680860
90201519
18330236
42064973
76370590
99676068
90836987
89529548
72996443
22792791
51321105
72700360
84078658
71725702
14078855
99223555
56033484
96783781
91479421
84486768
98032138
36414562
77785485
78078050
34018467
46984844
61662251
63393095
40974905
51600471
26349515
99698659
66494809
21183606
32664586
22943483
44357445
79818536
80468016
99405125
81878003
65953656
16493533
72459179
27859345
48557595
29827854
41868055
99364110
24807854
50224563
61653877
76444200
29223515
19928764
12445164
43704263
79433564
23460525
34363849
42970858
77747783
14351683
58847125
62013481
76202100
69347534
52344703
48956170
99377193
15902393
69966505
61448716
92502112
73379896
82673785
57827671
67341733
47204440
12603164
19037381
60688226
78361053
43848065
63721175
11764039
79440915
49504828
42269275
34198958
71876676
62135477
52535224
52813347
70288252
26739965
63190571
71664569
97212797
70376409
69502634
93779469
80336715
66514105
78554123
63768022
99252671
83473614
53236411
93250817
55326414
87192633
27338370
67640067
42976222
75304747
11021423
69442398
30749602
52657796
20910740
93566881
25072366
84799770
40654704
29688660
60781253
71760732
75008145
18039274
54174941
39194408
57124298
68873799
43286611
32414859
68953746
82338245
91077787
53633108
63073927
50968855
12075381
18491130
21092796
46806824
68252754
20828498
12304861
74741029
41393513
91858129
16689083
48536739
64523351
98495969
62886031
74326131
69599983
69976711
24352411
84729252
42467253
50329061
15109607
15455714
69956041
75449492
53991020
14790204
72178300
38959011
80416219
35108928
34010995
40766808
88795004
48434757
38984435
86439983
22447057
51699666
72081449
44293346
84072615
60873416
59696522
64539043
57651214
63311453
96510646
56811368
52364874
85471274
72059814
88044626
71335015
10578814
38346094
46248515
13027376
54715420
40912288
46172783
64937306
15110218
28058897
50128689
26263228
15268602
61375265
52496392
24012224
78697492
58434655
59290551
21304878
48914708
56373903
39441552
44966463
23372941
27456718
71167768
53053197
89605258
42602281
44230620
66318027
56191395
90407724
46393155
75542036
57415539
83210053
78297469
20806423
85857530
61462798
70980881
38495306
72848529
21786284
11778389
21878014
35536347
20769268
96796510
50129481
35220967
89534733
76396284
94847148
82203009
34815301
36363900
83525240
49165680
75135342
57998374
53153525
79840133
17863493
38574561
98331537
25341842
50251485
30034807
29161775
32098769
84515466
11585010
80648939
26325485
66623834
58847889
52175352
44852547
54249653
60806313
17769357
39587451
60198212
11928269
81718613
60295605
62660776
90260986
90026578
37525223
84647272
96744555
78592711
82410449
63945357
99866235
10079046
84213002
25062923
48902598
58109486
90891178
13253431
38735170
98744086
96067470
89145854
15762146
66646723
85888321
96430453
21076902
88677193
40177865
60189694
78117810
41941323
95337125
69311169
40419288
30552870
97446160
34987790
96381657
28393372
15096162
46621270
28809196
96474352
76494607
99631431
70922107
80905109
10346906
38263896
94944441
71644816
13207324
96631028
94570881
37520573
32908943
55206243
18182274
26076170
60316929
12762156
50573336
41274215
49701609
42557596
88792828
75987278
95323507
66844929
29027017
76642068
41340291
90171403
47104160
33657025
52730345
96028974
12606385
53457655
62524214
70270099
55481957
35518688
80534870
47019416
63653395
54330059
89327419
98771087
82637513
53223557
41604098
47208478
85832200
33642550
17174198
97999702
98073682
94889413
47524631
12912028
21669107
85804676
35468338
68640559
31181968
90144500
63762015
57369179
31406062
88292924
44092998
97325958
25539881
61791313
86983231
58380173
25942265
14155575
18787540
73630142
25896943
92496535
97353377
97259866
66184091
47468291
18317915
45191371
40289814
59369352
42051567
77139888
59561674
92711517
55935568
52300419
85058157
48864247
28367778
57947251
83746068
18676326
88341666
71647172
85207087
41196183
83237212
21905845
97942959
43944989
56458560
44054043
15133931
19866634
91152304
57510649
16960305
75409981
73799456
76523993
21590263
22227198
68079704
65505409
42160290
26223931
73392645
30634255
16946142
62712058
12559583
55496244
70097461
47285217
82597945
87611870
72697754
16160975
25434267
58768405
96715661
